"ids"
5101305
5104245
1255100
1160580
1309700
1599100
1197500
1309720
1897550
1531300
1259110
1160880
1259101
1234130
1591401
1291100
1159302
6976400
2964080
2999250
2999510
5231700
2999501
2902800
6975010
2999500
2902850
2998320
2180500
2969014
6970871
2469049
2998454
2998500
2998510
2903471
2911470
2910562
2911400
2912645
2908060
2910247
2910235
2910105
2910583
2910237
2903710
2910275
2910111
2903721
2903720
2910130
2910325
2910580
2910511
2909158
2909156
2908105
2908101
2911700
2912600
6855250
6854591
6233750
6233410
6855402
2423850
6971130
6864050
6971401
6971600
6401701
2423300
6794200
6984100
6939200
6854701
6972175
6854500
6855401
2423800
6607650
6340610
6972610
6457700
6444380
6546610
4356800
4214287
4356200
4355500
4355340
4146140
4214470
4148955
4214275
4209500
4214690
4102850
4214420
4214310
4214390
4209810
4358300
4146281
4149681
4214106
4150605
4206295
4243301
4214655
4214100
4214900
4214830
4214515
4214530
4147011
4209155
4209850
4243580
4209600
4214020
4214075
4114615
4126350
4214400
4214025
4214440
4209805
4243400
4214107
4214480
4102050
4214531
4214051
4214507
4150461
4151650
4149680
4214105
4214080
4152900
4207300
4214520
4204900
4152200
4207810
4126804
4214264
4207150
4207860
4203850
4152651
4152590
4207305
4152553
4116320
4152300
4207180
4115450
4132200
4208941
4116335
4234400
4213810
4116460
4152460
4213956
4116470
4152550
4208397
4213740
4152450
4116400
4213355
4208987
4113351
4115226
4208335
4213563
4213200
4213510
4116191
4213890
4122140
4208371
4113321
4115349
4213560
4116331
4122639
4213601
4122636
4213576
4208645
4208962
4208461
4213103
4115320
4208357
4113302
4120125
4213300
4115280
4208565
4113301
4116330
4213683
4115322
4213440
4213802
4215200
4208881
4116184
4119290
4208975
4119070
4208365
4208458
4208730
4120952
4122151
4125803
4119101
4119080
4119461
4120956
4121401
4122637
4120330
4120951
4120903
4120121
4120120
4120902
4119100
4120950
4122600
4120900
4121802
3652455
3650150
3650202
3275800
3275050
3275140
3275700
3652050
3652500
3652660
3178900
3652089
3650415
3652039
3275100
3651410
3629900
3652879
3629773
3652880
3651660
3629910
3650488
3652890
3661200
3651530
3629772
3651550
3629380
3651535
3630051
3649310
3651680
3667400
3629180
3625450
3667200
3662300
3651805
3651806
3651807
3666500
3649614
3651800
3651900
3628300
3649321
3667300
3649618
3649320
3264500
3649619
3265300
3649255
3265601
3627813
3628400
3627060
3627812
3627810
3621000
3618000
3629000
